===batch 1 start===

x : [[0.2626693  0.72554584]
 [0.03490891 0.18070461]
 [0.29497792 0.42537112]
 [0.92683347 0.06421539]
 [0.44521211 0.87438561]
 [0.24170333 0.62800957]
 [0.19464299 0.79979556]
 [0.04965527 0.746448  ]
 [0.36697279 0.72494907]
 [0.04349014 0.39465588]
 [0.38940194 0.15726388]
 [0.6452152  0.45716859]
 [0.40473293 0.0644564 ]
 [0.14356767 0.5046841 ]
 [0.42187279 0.17516459]
 [0.49029947 0.61415421]] 
y : [[0.31472497 0.69159395]
 [0.30965397 0.68034799]
 [0.31287046 0.68748073]
 [0.31370764 0.68935298]
 [0.31653929 0.69562687]
 [0.31397392 0.68992684]
 [0.31486991 0.69191402]
 [0.31378199 0.68949632]
 [0.31523604 0.69273091]
 [0.31128398 0.68395805]
 [0.31148681 0.68441622]
 [0.31488023 0.6919478 ]
 [0.31089884 0.68311405]
 [0.31261475 0.68690998]
 [0.31179387 0.68509745]
 [0.31512949 0.69249734]]

===batch 1 end===

===batch 2 start===

x : [[0.08539247 0.93481296]
 [0.12606526 0.3043537 ]
 [0.18322993 0.74615254]
 [0.75408941 0.58580141]
 [0.55361998 0.09068006]
 [0.72902298 0.83179706]
 [0.7601983  0.86731459]
 [0.02390546 0.23934931]
 [0.54716249 0.38233522]
 [0.92021309 0.79485704]
 [0.50724175 0.38248704]
 [0.82323067 0.04164503]
 [0.59315056 0.23549312]
 [0.71468514 0.18870247]
 [0.42558339 0.91490366]
 [0.56887491 0.41590602]] 
y : [[0.31520282 0.69265041]
 [0.31108836 0.68352677]
 [0.31446181 0.691008  ]
 [0.31621421 0.69491207]
 [0.31191188 0.6853623 ]
 [0.31756503 0.6979125 ]
 [0.31790386 0.69866624]
 [0.31003015 0.68118052]
 [0.31389363 0.68975622]
 [0.31817945 0.69928243]
 [0.3136892  0.68930176]
 [0.31301465 0.6878136 ]
 [0.31313616 0.68807732]
 [0.31345197 0.68878069]
 [0.31669387 0.69596981]
 [0.31422803 0.69049864]]

===batch 2 end===

===batch 3 start===

x : [[0.14662552 0.07961818]
 [0.3263344  0.15542505]
 [0.1388309  0.80334345]
 [0.74699148 0.58237902]
 [0.25456483 0.53455693]
 [0.6233961  0.58782901]
 [0.53657955 0.57721708]
 [0.52166388 0.33129205]
 [0.57798917 0.19407455]
 [0.71309037 0.26085889]
 [0.36308737 0.10227121]
 [0.59615708 0.05787756]
 [0.11806108 0.83426531]
 [0.13774063 0.83897744]
 [0.59562098 0.80518789]
 [0.83087018 0.94510822]] 
y : [[0.30953928 0.68009701]
 [0.31112328 0.68360922]
 [0.31461464 0.69134608]
 [0.31616    0.6947915 ]
 [0.31340861 0.68867315]
 [0.3156078  0.69356239]
 [0.31511923 0.69247567]
 [0.31341696 0.68869827]
 [0.31277002 0.68726508]
 [0.31393005 0.68984108]
 [0.31094154 0.68320758]
 [0.31191056 0.68536046]
 [0.31471313 0.69156418]
 [0.31484194 0.69185055]
 [0.31681232 0.69623692]
 [0.31863558 0.70029445]]

===batch 3 end===

===batch 4 start===

x : [[0.58119525 0.62495377]
 [0.62256112 0.05815038]
 [0.16364568 0.55576023]
 [0.63501416 0.66723493]
 [0.22755399 0.5203813 ]
 [0.44860577 0.45489148]
 [0.98417354 0.5530069 ]
 [0.98265921 0.62283431]
 [0.22381289 0.08456484]
 [0.08740954 0.23022473]
 [0.81885757 0.24388761]
 [0.82042418 0.88527046]
 [0.88665118 0.85517089]
 [0.64806639 0.69437453]
 [0.63922534 0.26301703]
 [0.54156182 0.32761675]] 
y : [[0.31563883 0.69363029]
 [0.31205622 0.68568393]
 [0.31307636 0.68793404]
 [0.31615712 0.69478249]
 [0.31316985 0.68814295]
 [0.31387457 0.68971151]
 [0.31706984 0.69681803]
 [0.31747078 0.69770885]
 [0.31002123 0.68116593]
 [0.31032528 0.68183565]
 [0.314354   0.69078424]
 [0.31826177 0.69946317]
 [0.31837341 0.69971283]
 [0.31638422 0.69528718]
 [0.31356432 0.68902802]
 [0.31349554 0.68887303]]

===batch 4 end===

===batch 5 start===

x : [[0.6277391  0.46787646]
 [0.28519781 0.19516886]
 [0.4736059  0.44411511]
 [0.86487761 0.70591025]
 [0.88306248 0.06814787]
 [0.75813603 0.44345716]
 [0.2086996  0.9636631 ]
 [0.00945199 0.90312313]
 [0.33066254 0.13262517]
 [0.38142351 0.74484789]
 [0.70518627 0.0125806 ]
 [0.03875799 0.6021387 ]
 [0.76007221 0.87858891]
 [0.05532577 0.23812214]
 [0.09626893 0.24631988]
 [0.70237922 0.69614469]] 
y : [[0.31486314 0.69190946]
 [0.31118264 0.68373969]
 [0.31393055 0.68983632]
 [0.31743377 0.69762391]
 [0.3135082  0.68890955]
 [0.31534495 0.69298205]
 [0.31598025 0.6943796 ]
 [0.31462028 0.69135547]
 [0.31098142 0.68329508]
 [0.3154332  0.69316896]
 [0.31218185 0.68596446]
 [0.3127343  0.68717243]
 [0.31796721 0.69880706]
 [0.31020089 0.68155938]
 [0.31049478 0.68221124]
 [0.3166455  0.69586882]]

===batch 5 end===

===batch 6 start===

x : [[0.55990642 0.96716991]
 [0.97554197 0.22840946]
 [0.57613362 0.40686951]
 [0.11309205 0.73400483]
 [0.95028985 0.18060296]
 [0.54994181 0.37548571]
 [0.8124262  0.73905452]
 [0.8601265  0.95219014]
 [0.42960078 0.51673916]
 [0.21704763 0.45284531]
 [0.87801604 0.30437552]
 [0.88522553 0.32559303]
 [0.63106666 0.2153163 ]
 [0.88345592 0.93010812]
 [0.57992196 0.83147646]
 [0.59812535 0.26915418]] 
y : [[0.31760484 0.69799711]
 [0.31503129 0.69229105]
 [0.31420492 0.69044754]
 [0.31402472 0.69003641]
 [0.31459733 0.69132737]
 [0.31386195 0.68968601]
 [0.31739483 0.69753616]
 [0.31879459 0.70064865]
 [0.31419045 0.69041185]
 [0.31264607 0.68698125]
 [0.31504108 0.69231042]
 [0.31521203 0.69269005]
 [0.31319689 0.68821292]
 [0.31877064 0.70059592]
 [0.31689799 0.69642689]
 [0.31339239 0.68864566]]

===batch 6 end===

===batch 7 start===

x : [[0.53881479 0.49386055]
 [0.71528311 0.0451261 ]
 [0.3331598  0.29819761]
 [0.90177714 0.46903029]
 [0.55557417 0.85146637]
 [0.56160382 0.46682556]
 [0.90590551 0.63685951]
 [0.23364011 0.4483431 ]
 [0.40649566 0.7523447 ]
 [0.73481613 0.56070482]
 [0.06004382 0.79666219]
 [0.27142786 0.02310767]
 [0.22506427 0.76179912]
 [0.83753858 0.2735632 ]
 [0.81372326 0.40750261]
 [0.97417415 0.89487689]] 
y : [[0.31459005 0.69130123]
 [0.31246496 0.68659223]
 [0.31218478 0.68596159]
 [0.31618803 0.69485741]
 [0.31690671 0.6964457 ]
 [0.31452704 0.69116195]
 [0.31721297 0.69713424]
 [0.31270338 0.68710874]
 [0.31560172 0.69354373]
 [0.31596897 0.694367  ]
 [0.31417212 0.69036215]
 [0.30983529 0.68075549]
 [0.31477396 0.69170178]
 [0.31464189 0.69142351]
 [0.31538592 0.69307434]
 [0.31895084 0.7009986 ]]

===batch 7 end===

===batch 8 start===

x : [[0.52489556 0.11173459]
 [0.01079986 0.20148885]
 [0.07545742 0.91733438]
 [0.2527518  0.19939612]
 [0.50378825 0.88741617]
 [0.12802595 0.69515932]
 [0.28327503 0.53998236]
 [0.15152707 0.18078996]
 [0.09628731 0.98442695]
 [0.45486155 0.22372036]
 [0.56595184 0.27128839]
 [0.17724562 0.6111524 ]
 [0.87254002 0.22053518]
 [0.16171686 0.13519471]
 [0.71598761 0.2147518 ]
 [0.2699358  0.67285742]] 
y : [[0.31190496 0.68534624]
 [0.30967094 0.68038493]
 [0.31504136 0.69229172]
 [0.31103221 0.6834056 ]
 [0.31688608 0.69639865]
 [0.31384064 0.68962837]
 [0.31359503 0.68908734]
 [0.31032392 0.68183428]
 [0.3155722  0.69347078]
 [0.3123176  0.68625905]
 [0.31323879 0.68830422]
 [0.3135271  0.68893405]
 [0.31447008 0.69104311]
 [0.31004304 0.68121262]
 [0.31363513 0.68918696]
 [0.31441568 0.69090773]]

===batch 8 end===

===batch 9 start===

x : [[0.20107656 0.89301954]
 [0.83558567 0.11121172]
 [0.42668729 0.1981581 ]
 [0.96891469 0.40536515]
 [0.46206805 0.08846   ]
 [0.8281011  0.73079553]
 [0.17585269 0.99388635]
 [0.33080378 0.27974328]
 [0.89181402 0.28177356]
 [0.94729429 0.47832099]
 [0.58404051 0.81771919]
 [0.8351106  0.92627863]
 [0.1611858  0.39096073]
 [0.19597853 0.70709676]
 [0.12937751 0.5572725 ]
 [0.13089667 0.69435605]] 
y : [[0.31549988 0.6933127 ]
 [0.31355381 0.68900953]
 [0.311984   0.68551893]
 [0.31611114 0.69468825]
 [0.31139272 0.68420961]
 [0.31741604 0.69758367]
 [0.3160124  0.69445024]
 [0.31204123 0.68564335]
 [0.3149635  0.69213857]
 [0.31645589 0.69545338]
 [0.31683456 0.69628606]
 [0.31855007 0.70010442]
 [0.31190694 0.68534145]
 [0.314268   0.69057823]
 [0.31290524 0.68755372]
 [0.31385002 0.68964926]]

===batch 9 end===

===batch 10 start===

x : [[0.65799864 0.03614717]
 [0.13953646 0.5165585 ]
 [0.88761774 0.65073249]
 [0.04205926 0.21442711]
 [0.37399889 0.20601705]
 [0.96300037 0.4022612 ]
 [0.62735582 0.476851  ]
 [0.1390994  0.33057487]
 [0.14516786 0.12148256]
 [0.30347581 0.11484339]
 [0.93985583 0.65561332]
 [0.50194884 0.3956987 ]
 [0.46496989 0.99869011]
 [0.55945267 0.56357764]
 [0.00862441 0.71781516]
 [0.32061052 0.19322176]] 
y : [[0.31209278 0.68576586]
 [0.31267613 0.68704597]
 [0.31721282 0.69713347]
 [0.30994816 0.68099945]
 [0.31175192 0.68500329]
 [0.31606433 0.69458414]
 [0.3149193  0.69203408]
 [0.31135137 0.68410977]
 [0.30984548 0.6807748 ]
 [0.31069844 0.6826676 ]
 [0.31747234 0.69771133]
 [0.31375098 0.68943867]
 [0.31736889 0.69747055]
 [0.31514376 0.69253068]
 [0.31337387 0.68859001]
 [0.31136542 0.68414552]]

===batch 10 end===

===batch 11 start===

x : [[0.62739566 0.78484035]
 [0.15392672 0.46057092]
 [0.41488922 0.82052614]
 [0.0275409  0.98612915]
 [0.51260019 0.22351531]
 [0.41423683 0.35633423]
 [0.69735683 0.21834002]
 [0.81206552 0.97837321]
 [0.72364891 0.44219874]
 [0.02050114 0.37611196]
 [0.11911173 0.50850361]
 [0.68549843 0.99428485]
 [0.36649834 0.23840638]
 [0.48691419 0.7105571 ]
 [0.89089636 0.5695801 ]
 [0.01110162 0.38142073]] 
y : [[0.31683525 0.69628859]
 [0.31236087 0.68634742]
 [0.31606771 0.69457871]
 [0.31524855 0.69275053]
 [0.31262626 0.68694473]
 [0.31302484 0.68782602]
 [0.31356302 0.68902655]
 [0.31873923 0.70052449]
 [0.31516918 0.69259104]
 [0.31102066 0.68337409]
 [0.31251019 0.68667757]
 [0.31829913 0.6995432 ]
 [0.31194198 0.68542428]
 [0.31572477 0.69381887]
 [0.31674697 0.69609861]
 [0.31100673 0.68334299]]

===batch 11 end===

===batch 12 start===

x : [[0.15015949 0.87545595]
 [0.34206238 0.29106186]
 [0.0047522  0.27627647]
 [0.6035497  0.28825512]
 [0.23342423 0.24244967]
 [0.53911421 0.18759973]
 [0.75890905 0.52812795]
 [0.40604488 0.87104518]
 [0.09682013 0.20130949]
 [0.20052083 0.17172012]
 [0.45792696 0.87152299]
 [0.47633295 0.82457276]
 [0.65948144 0.22635349]
 [0.13746928 0.37068921]
 [0.02049485 0.30961561]
 [0.28646783 0.75537014]] 
y : [[0.3151393  0.69251094]
 [0.31218259 0.68595696]
 [0.31019569 0.68154656]
 [0.31355035 0.68899614]
 [0.31123739 0.68385967]
 [0.31251729 0.68670382]
 [0.31588076 0.69417169]
 [0.31633714 0.69517692]
 [0.31016417 0.68147915]
 [0.31053514 0.68230329]
 [0.31658062 0.69571898]
 [0.31638043 0.69527472]
 [0.31342072 0.68871001]
 [0.31163159 0.68473065]
 [0.31053242 0.68229266]
 [0.31503647 0.69228595]]

===batch 12 end===

===batch 13 start===

x : [[0.41101252 0.24568961]
 [0.14006105 0.33112802]
 [0.73816582 0.90980757]
 [0.52561295 0.53558606]
 [0.48835623 0.70176149]
 [0.07014544 0.80395166]
 [0.31386883 0.69869229]
 [0.56638846 0.32715276]
 [0.14299441 0.15532945]
 [0.83065858 0.79819417]
 [0.82795548 0.0863949 ]
 [0.08620655 0.44988656]
 [0.0394341  0.24184872]
 [0.86466286 0.67843824]
 [0.69627725 0.65536357]
 [0.34609555 0.3567304 ]] 
y : [[0.31223551 0.68607599]
 [0.31136071 0.6841305 ]
 [0.31804965 0.6989898 ]
 [0.31479633 0.69175871]
 [0.31567646 0.69371163]
 [0.31427201 0.69058406]
 [0.31480493 0.69177268]
 [0.31362115 0.68915226]
 [0.31008592 0.68130708]
 [0.31781491 0.69847015]
 [0.31334574 0.6885479 ]
 [0.311917   0.68536186]
 [0.31013776 0.68141918]
 [0.31727286 0.69726635]
 [0.31637026 0.6952573 ]
 [0.3126655  0.68702756]]

===batch 13 end===

===batch 14 start===

x : [[0.67961233 0.83566897]
 [0.75362949 0.48191235]
 [0.26800894 0.33174239]
 [0.83639743 0.34789567]
 [0.00709385 0.54636853]
 [0.16528479 0.51939271]
 [0.4305453  0.28042161]
 [0.499404   0.848485  ]
 [0.65622404 0.94437415]
 [0.93046332 0.16039773]
 [0.86659553 0.78073531]
 [0.96290671 0.90579249]
 [0.20169786 0.76632716]
 [0.13561143 0.00692419]
 [0.2482627  0.71860005]
 [0.65796257 0.81995481]] 
y : [[0.31736971 0.6974773 ]
 [0.3155664  0.69347357]
 [0.31206851 0.68570225]
 [0.31511642 0.69247665]
 [0.31217153 0.68592402]
 [0.3128333  0.68739509]
 [0.31258457 0.68685025]
 [0.31663229 0.69583474]
 [0.31789329 0.69864039]
 [0.31436583 0.6908132 ]
 [0.31787075 0.69859506]
 [0.31896366 0.70102685]
 [0.31468694 0.69150808]
 [0.30892371 0.67873437]
 [0.31460752 0.69133294]
 [0.31718132 0.6970582 ]]

===batch 14 end===

===batch 15 start===

x : [[0.15867451 0.07999059]
 [0.03908954 0.5872726 ]
 [0.07624905 0.95783533]
 [0.8526364  0.87626044]
 [0.26686692 0.18417011]
 [0.58799993 0.88321837]
 [0.96264428 0.13025843]
 [0.00667262 0.72034246]
 [0.57644682 0.51455033]
 [0.9907053  0.87326178]
 [0.08000147 0.14307302]
 [0.17384847 0.79590538]
 [0.01545575 0.65920154]
 [0.99057342 0.42799787]
 [0.95887112 0.22121726]
 [0.26827097 0.55768723]] 
y : [[0.30961184 0.68025794]
 [0.31263225 0.68694618]
 [0.31530561 0.6928784 ]
 [0.31834742 0.69965429]
 [0.31100019 0.68333503]
 [0.31724047 0.69718801]
 [0.31432932 0.69073298]
 [0.31338093 0.68860562]
 [0.31491166 0.69201589]
 [0.31890195 0.70089024]
 [0.30963157 0.68029957]
 [0.3147411  0.69162762]
 [0.31300661 0.68777568]
 [0.31635041 0.69522012]
 [0.31490318 0.69200632]
 [0.31363718 0.68918047]]

===batch 15 end===

===batch 16 start===

x : [[0.59227679 0.08249535]
 [0.8018804  0.70395555]
 [0.19030539 0.95821176]
 [0.72593308 0.92175022]
 [0.11763044 0.24060475]
 [0.99187693 0.27588047]
 [0.07384819 0.18322806]
 [0.51465394 0.92143438]
 [0.13503283 0.14212539]
 [0.9399021  0.4273028 ]
 [0.32704257 0.57197302]
 [0.54807275 0.42093504]
 [0.2239813  0.38331089]
 [0.23606471 0.50736195]
 [0.04000428 0.3431752 ]
 [0.05669591 0.25262689]] 
y : [[0.3120642  0.68570086]
 [0.31714264 0.69697557]
 [0.31585871 0.69410926]
 [0.31806465 0.69902286]
 [0.31057368 0.68238653]
 [0.31541301 0.69313873]
 [0.30989748 0.68088809]
 [0.31713709 0.69695662]
 [0.30994169 0.68098754]
 [0.31611014 0.69468534]
 [0.31403583 0.69006629]
 [0.31415586 0.69033801]
 [0.31219468 0.68598077]
 [0.31312513 0.68804398]
 [0.31088934 0.6830837 ]
 [0.31031644 0.6818153 ]]

===batch 16 end===

===batch 17 start===

x : [[0.86872215 0.53739403]
 [0.28180607 0.16230163]
 [0.52727441 0.21043296]
 [0.1829768  0.4858648 ]
 [0.55791205 0.8456357 ]
 [0.52938563 0.37750741]
 [0.01753331 0.57654875]
 [0.44680662 0.10315837]
 [0.05930788 0.22631122]
 [0.00635295 0.66203256]
 [0.06345679 0.15863095]
 [0.24634277 0.74607592]
 [0.94325004 0.88692259]
 [0.78188747 0.40745333]
 [0.11151058 0.66855244]
 [0.39699483 0.70361345]] 
y : [[0.31645139 0.69544154]
 [0.31092426 0.68316722]
 [0.31261343 0.68691666]
 [0.31269427 0.68708729]
 [0.31688255 0.69639206]
 [0.31376985 0.68948119]
 [0.31244113 0.68652191]
 [0.31141429 0.684257  ]
 [0.31013575 0.68141526]
 [0.31297793 0.68771185]
 [0.30965296 0.6803465 ]
 [0.31477747 0.69171009]
 [0.3187819  0.70062228]
 [0.31523116 0.69273002]
 [0.31357516 0.68903903]
 [0.31524619 0.69275417]]

===batch 17 end===

===batch 18 start===

x : [[0.91128591 0.20102321]
 [0.95795939 0.97612574]
 [0.72282069 0.01050999]
 [0.70707534 0.98904992]
 [0.98701706 0.82260926]
 [0.80299051 0.04182456]
 [0.53395957 0.45746024]
 [0.60483427 0.32659364]
 [0.93410179 0.30419016]
 [0.33753692 0.9195844 ]
 [0.5086793  0.05315008]
 [0.48910133 0.33837928]
 [0.06452513 0.80271277]
 [0.25240749 0.02649533]
 [0.70318567 0.76128894]
 [0.03488881 0.77936411]] 
y : [[0.31453613 0.6911906 ]
 [0.31931704 0.70181258]
 [0.31226252 0.68614369]
 [0.31836098 0.69968118]
 [0.3186124  0.7002464 ]
 [0.31290907 0.68757899]
 [0.31432634 0.69071592]
 [0.31381564 0.68958462]
 [0.31531314 0.69291566]
 [0.31631467 0.69512541]
 [0.31139599 0.68421803]
 [0.31329523 0.6884275 ]
 [0.31423521 0.69050226]
 [0.30975113 0.68056869]
 [0.3170381  0.69674102]
 [0.31392756 0.68981892]]

===batch 18 end===

===batch 19 start===

x : [[0.31144605 0.343099  ]
 [0.68782771 0.37546235]
 [0.81224134 0.21185204]
 [0.03554273 0.88428071]
 [0.81867426 0.0483794 ]
 [0.24467796 0.31750904]
 [0.57247563 0.78961631]
 [0.08956917 0.38096448]
 [0.4017964  0.2003703 ]
 [0.00728317 0.25910825]
 [0.4654549  0.97364702]
 [0.09381447 0.0934118 ]
 [0.98610455 0.45108673]
 [0.22317478 0.74445214]
 [0.74565779 0.96101263]
 [0.30101413 0.64500605]] 
y : [[0.31238403 0.6864027 ]
 [0.31456041 0.69123907]
 [0.31410871 0.69023986]
 [0.31462754 0.69137222]
 [0.31303698 0.68786299]
 [0.3118398  0.68519477]
 [0.31661279 0.69579312]
 [0.31144084 0.68430676]
 [0.31186386 0.68525206]
 [0.31008229 0.68129554]
 [0.31722425 0.69714916]
 [0.30933683 0.67964755]
 [0.31646987 0.69548533]
 [0.31465124 0.69142936]
 [0.31836771 0.699697  ]
 [0.3143887  0.69084861]]

===batch 19 end===

===batch 20 start===

x : [[0.78550161 0.97962629]
 [0.52162845 0.64613842]
 [0.97500437 0.79525574]
 [0.61048705 0.53962909]
 [0.50785492 0.72807962]
 [0.42836658 0.08414754]
 [0.67388478 0.8188825 ]
 [0.4093405  0.70293194]
 [0.73082706 0.24817416]
 [0.51343549 0.35366781]
 [0.5003511  0.839668  ]
 [0.77111791 0.03510017]
 [0.44574123 0.40544474]
 [0.22422028 0.79947995]
 [0.76840966 0.46296503]
 [0.82037624 0.11189626]] 
y : [[0.31863641 0.7002953 ]
 [0.31548577 0.69328903]
 [0.3184123  0.69980128]
 [0.3152398  0.6927451 ]
 [0.31593392 0.6942838 ]
 [0.31117435 0.68372496]
 [0.31724612 0.69720254]
 [0.31530205 0.69287846]
 [0.31393593 0.68985457]
 [0.31352624 0.68894044]
 [0.31658336 0.69572606]
 [0.31269339 0.68710002]
 [0.31352599 0.68893821]
 [0.31501425 0.69223512]
 [0.31551804 0.69336656]
 [0.31347962 0.68884463]]

===batch 20 end===

===batch 21 start===

x : [[0.80624699 0.32980602]
 [0.892994   0.34981198]
 [0.96171494 0.14630148]
 [0.32357928 0.6215662 ]
 [0.04727996 0.63106544]
 [0.83474599 0.18747807]
 [0.51660151 0.06394201]
 [0.46334874 0.51228439]
 [0.79018721 0.91850868]
 [0.7554566  0.17234419]
 [0.04942415 0.28852006]
 [0.4308867  0.77314728]
 [0.51651614 0.88556825]
 [0.87396961 0.53709102]
 [0.18354785 0.88559937]
 [0.55036185 0.06910502]] 
y : [[0.31485187 0.69188875]
 [0.31540356 0.69311538]
 [0.31443008 0.69095651]
 [0.31434783 0.69075848]
 [0.31298066 0.68771891]
 [0.31406107 0.69013472]
 [0.3115175  0.68448746]
 [0.31433189 0.69072651]
 [0.31831916 0.69959007]
 [0.3135526  0.68900489]
 [0.31054072 0.68231177]
 [0.31584902 0.69409344]
 [0.31693282 0.69650279]
 [0.31647377 0.69549137]
 [0.31536758 0.69301855]
 [0.31174019 0.68498175]]

===batch 21 end===

===batch 22 start===

x : [[0.91933932 0.43718014]
 [0.41926245 0.26134587]
 [0.889818   0.94823007]
 [0.93471723 0.2908578 ]
 [0.33358563 0.79764619]
 [0.05704528 0.99012812]
 [0.3979776  0.36357396]
 [0.62856956 0.85844821]
 [0.15570292 0.69077014]
 [0.59699961 0.73630526]
 [0.53814155 0.57158171]
 [0.58251417 0.56276794]
 [0.01321551 0.97726486]
 [0.08815209 0.64489867]
 [0.87414853 0.45524043]
 [0.22791261 0.69770142]] 
y : [[0.31607453 0.69460576]
 [0.31239031 0.68641933]
 [0.31889455 0.70087158]
 [0.31523134 0.6927341 ]
 [0.31553642 0.69339701]
 [0.31541814 0.69312777]
 [0.31298886 0.68774582]
 [0.31727609 0.69726811]
 [0.3139535  0.68987944]
 [0.31640271 0.69532705]
 [0.3150907  0.69241238]
 [0.31525121 0.69276975]
 [0.3151212  0.69246748]
 [0.31329166 0.68840964]
 [0.31597345 0.69438025]
 [0.31436753 0.69079986]]

===batch 22 end===

===batch 23 start===

x : [[0.77739989 0.29602301]
 [0.15515632 0.00435772]
 [0.47874729 0.2837607 ]
 [0.43332026 0.04711339]
 [0.84288936 0.38134069]
 [0.84992334 0.52218391]
 [0.28894284 0.85499204]
 [0.73452078 0.85931167]
 [0.52275235 0.56544132]
 [0.28327625 0.07443101]
 [0.23906499 0.9925761 ]
 [0.16598256 0.92514848]
 [0.21584767 0.66933239]
 [0.81182379 0.7434009 ]
 [0.44593869 0.92701647]
 [0.78460682 0.04848915]] 
y : [[0.31448839 0.69108142]
 [0.30901868 0.67894505]
 [0.31286476 0.68747267]
 [0.31093244 0.68318923]
 [0.31536113 0.69302001]
 [0.31627164 0.69504187]
 [0.3156833  0.69372207]
 [0.31774716 0.69831739]
 [0.31497549 0.69215628]
 [0.31028564 0.68175291]
 [0.31630203 0.69509503]
 [0.31553372 0.69338702]
 [0.3141179  0.69024566]
 [0.31741742 0.69758637]
 [0.31685961 0.69633851]
 [0.31285784 0.68746495]]

===batch 23 end===

===batch 24 start===

x : [[0.50727012 0.80037922]
 [0.51208129 0.29164948]
 [0.09625718 0.09216213]
 [0.70518013 0.52398743]
 [0.89242733 0.13802254]
 [0.46158401 0.38470337]
 [0.7008827  0.43444854]
 [0.97063877 0.33308228]
 [0.51857121 0.38246726]
 [0.7206422  0.41339591]
 [0.15755832 0.35243206]
 [0.39823115 0.8804751 ]
 [0.9768932  0.86503514]
 [0.8721973  0.76563405]
 [0.9781412  0.32594216]
 [0.55077706 0.5213946 ]] 
y : [[0.31637662 0.69526699]
 [0.31309546 0.68798504]
 [0.30934159 0.67965813]
 [0.31559862 0.69354397]
 [0.31402544 0.69005709]
 [0.31346746 0.68880878]
 [0.31500794 0.69223259]
 [0.31567095 0.69371086]
 [0.31374753 0.68943141]
 [0.31496952 0.69214779]
 [0.31161116 0.68468588]
 [0.3163584  0.69522397]
 [0.31880126 0.70066606]
 [0.31780904 0.69845804]
 [0.31566206 0.6936913 ]
 [0.314829   0.69183181]]

===batch 24 end===

===batch 25 start===

x : [[0.48671878 0.56541315]
 [0.814847   0.24599688]
 [0.55287461 0.50712969]
 [0.18977716 0.57888858]
 [0.49490049 0.49410226]
 [0.99971445 0.76053127]
 [0.94535333 0.67828923]
 [0.60215398 0.18161752]
 [0.92137784 0.46373379]
 [0.4246863  0.57262163]
 [0.64108967 0.42660028]
 [0.35150454 0.62304364]
 [0.2272875  0.95528266]
 [0.94283864 0.15304178]
 [0.6945982  0.48262034]
 [0.11105436 0.16671536]] 
y : [[0.31479707 0.69175939]
 [0.31434771 0.69077018]
 [0.31474674 0.69164929]
 [0.31337257 0.6885916 ]
 [0.3143711  0.69081429]
 [0.31832381 0.69960512]
 [0.31762711 0.69805538]
 [0.31281202 0.68735881]
 [0.31624701 0.69498884]
 [0.31453458 0.69117536]
 [0.31466119 0.69146158]
 [0.31449833 0.69109313]
 [0.31601628 0.69446008]
 [0.31437963 0.69084413]
 [0.31528565 0.69284889]
 [0.30998778 0.68108895]]

===batch 25 end===

===batch 26 start===

x : [[0.12389248 0.23826955]
 [0.47091933 0.96776817]
 [0.0065992  0.06468984]
 [0.8747325  0.75053301]
 [0.20821499 0.81425453]
 [0.39843224 0.97921047]
 [0.36290225 0.05727561]
 [0.03946408 0.77607551]
 [0.72832056 0.3556198 ]
 [0.49979998 0.74124351]
 [0.53602942 0.963052  ]
 [0.14327897 0.80015756]
 [0.5691464  0.94862754]
 [0.7792719  0.0195261 ]
 [0.33515048 0.60241928]
 [0.67342013 0.91139124]] 
y : [[0.31059192 0.68242708]
 [0.31721411 0.69712676]
 [0.3086066  0.67802937]
 [0.31773385 0.69829098]
 [0.3150307  0.69227125]
 [0.31695534 0.69655009]
 [0.31061066 0.68247472]
 [0.31392899 0.68982221]
 [0.31463291 0.69140092]
 [0.31597755 0.69438049]
 [0.31747594 0.6977101 ]
 [0.31461604 0.69134932]
 [0.31753824 0.6978493 ]
 [0.3126285  0.68695636]
 [0.31427967 0.69060752]
 [0.31777968 0.69838828]]

===batch 26 end===

===batch 27 start===

x : [[0.91588745 0.81317592]
 [0.1611585  0.49118555]
 [0.76501533 0.15707781]
 [0.16241758 0.9515513 ]
 [0.92718842 0.41865006]
 [0.31525537 0.81189752]
 [0.25608862 0.27153598]
 [0.61670511 0.81777706]
 [0.5826632  0.82843477]
 [0.30212099 0.66194805]
 [0.73464514 0.90425292]
 [0.82227319 0.76741207]
 [0.019125   0.23344953]
 [0.68213345 0.87673697]
 [0.23808246 0.71003556]
 [0.05399705 0.24472106]] 
y : [[0.31826332 0.69946877]
 [0.31261464 0.68691019]
 [0.31349874 0.68888565]
 [0.31568334 0.69371915]
 [0.31599711 0.69443404]
 [0.31553808 0.69340024]
 [0.31157308 0.684604  ]
 [0.316983   0.69661661]
 [0.31689229 0.69641429]
 [0.3145059  0.69110873]
 [0.31800323 0.69888653]
 [0.31760217 0.69799715]
 [0.30995863 0.68102204]
 [0.31761879 0.6980309 ]
 [0.31450017 0.69109445]
 [0.31024235 0.68165117]]

===batch 27 end===

===batch 28 start===

x : [[0.01658498 0.54847085]
 [0.11274357 0.08963168]
 [0.35000141 0.1421103 ]
 [0.99025697 0.98942729]
 [0.20430566 0.47162007]
 [0.14151944 0.1783059 ]
 [0.31826113 0.82468165]
 [0.38415935 0.94926947]
 [0.98973102 0.68525717]
 [0.33349825 0.16840858]
 [0.16396799 0.90518469]
 [0.8640002  0.5400235 ]
 [0.4831885  0.98598085]
 [0.17248215 0.9367726 ]
 [0.93772542 0.83763914]
 [0.39896601 0.92582637]] 
y : [[0.31223795 0.68607149]
 [0.3094183  0.67982835]
 [0.31115852 0.6836879 ]
 [0.31951399 0.70225131]
 [0.31270893 0.68712031]
 [0.31024844 0.68166689]
 [0.3156333  0.69361175]
 [0.31671088 0.69600664]
 [0.31785917 0.69857212]
 [0.31125742 0.68390659]
 [0.31539712 0.69308367]
 [0.31644554 0.69542842]
 [0.31737555 0.69748579]
 [0.31563859 0.69362003]
 [0.31849019 0.6999736 ]
 [0.31663747 0.69584391]]

===batch 28 end===

===batch 29 start===

x : [[0.66128762 0.70917321]
 [0.66062903 0.86017514]
 [0.75720107 0.29373148]
 [0.94262822 0.06206076]
 [0.56613073 0.00493606]
 [0.600762   0.4371974 ]
 [0.66107683 0.45499091]
 [0.48456503 0.48006395]
 [0.31605336 0.96266285]
 [0.98687422 0.65966708]
 [0.79519429 0.48038953]
 [0.49072307 0.93036153]
 [0.52115305 0.80757512]
 [0.33075402 0.2747118 ]
 [0.35246391 0.67950514]
 [0.15603673 0.3941382 ]] 
y : [[0.31653527 0.695623  ]
 [0.31742839 0.69760726]
 [0.31437193 0.69082252]
 [0.31377432 0.68950127]
 [0.31136615 0.68415338]
 [0.314529   0.69116724]
 [0.31494443 0.69209068]
 [0.31422599 0.69049206]
 [0.31647784 0.69548734]
 [0.31770103 0.6982206 ]
 [0.31575564 0.69389474]
 [0.31708226 0.69683424]
 [0.31648484 0.69550769]
 [0.31200522 0.68556355]
 [0.31487186 0.69192215]
 [0.31190143 0.68532912]]

===batch 29 end===

===batch 30 start===

x : [[0.02401681 0.0457358 ]
 [0.42550105 0.41022548]
 [0.37853433 0.47083096]
 [0.09954766 0.35778286]
 [0.26416533 0.9686999 ]
 [0.91269751 0.51858154]
 [0.51286326 0.07052407]
 [0.39918947 0.74436595]
 [0.80960217 0.55119636]
 [0.84828516 0.17268351]
 [0.07588395 0.63842816]
 [0.23156856 0.26239983]
 [0.50238311 0.95549769]
 [0.77219753 0.46824547]
 [0.86983214 0.00508368]
 [0.72790338 0.94479957]] 
y : [[0.3085639  0.67793537]
 [0.31345317 0.68877621]
 [0.31362054 0.68914627]
 [0.31132858 0.68405828]
 [0.3162729  0.6950309 ]
 [0.31654012 0.69563965]
 [0.3115442  0.68454653]
 [0.3155161  0.69335344]
 [0.31626126 0.69501786]
 [0.31403151 0.69006946]
 [0.3131827  0.68816767]
 [0.31137155 0.68415684]
 [0.31728258 0.69727963]
 [0.31556952 0.69348094]
 [0.31300859 0.68780132]
 [0.31820242 0.69932917]]

===batch 30 end===

===batch 31 start===

x : [[0.1222908  0.18008237]
 [0.67029609 0.60165608]
 [0.65690978 0.85721878]
 [0.62559329 0.71233391]
 [0.65148969 0.60128715]
 [0.34682688 0.15907706]
 [0.38614117 0.18486631]
 [0.52947596 0.01165542]
 [0.79265292 0.13449817]
 [0.51339439 0.81794804]
 [0.89314914 0.24946956]
 [0.40152838 0.79251403]
 [0.41615123 0.92886   ]
 [0.57746079 0.67574446]
 [0.16826673 0.90495246]
 [0.04385429 0.2490657 ]] 
y : [[0.31015182 0.68145246]
 [0.31591791 0.69425208]
 [0.31739473 0.6975324 ]
 [0.31638936 0.69529805]
 [0.31582635 0.69404834]
 [0.31126392 0.68392133]
 [0.31166717 0.68481578]
 [0.31121133 0.68380947]
 [0.31348904 0.68886482]
 [0.31651194 0.69556772]
 [0.31476137 0.69169001]
 [0.31583012 0.69405078]
 [0.31673466 0.6960602 ]
 [0.31593849 0.6942956 ]
 [0.31541654 0.69312689]
 [0.31021673 0.68159417]]

===batch 31 end===

===batch 32 start===

x : [[0.29240689 0.82567429]
 [0.95805288 0.37068002]
 [0.58966791 0.9464902 ]
 [0.70804394 0.00607542]
 [0.47746092 0.43865883]
 [0.43841025 0.1625372 ]
 [0.16734886 0.38114185]
 [0.46564475 0.46512363]
 [0.06182179 0.4104179 ]
 [0.34796684 0.74865223]
 [0.05792746 0.17163217]
 [0.75091641 0.47209061]
 [0.32790071 0.16094789]
 [0.63675198 0.37836298]
 [0.84113886 0.95983781]
 [0.8103301  0.24901973]] 
y : [[0.31551489 0.69334822]
 [0.3158456  0.69409835]
 [0.31761598 0.69802255]
 [0.31215139 0.68589702]
 [0.31391375 0.68979915]
 [0.31179427 0.68509876]
 [0.31187061 0.6852611 ]
 [0.31403031 0.69005745]
 [0.31149972 0.68443652]
 [0.31529479 0.69286088]
 [0.30971877 0.68049203]
 [0.31549141 0.69330702]
 [0.31117214 0.68371751]
 [0.31432293 0.69071086]
 [0.31875812 0.70056714]
 [0.31434488 0.6907638 ]]

===batch 32 end===

===batch 33 start===

x : [[0.12007001 0.7123512 ]
 [0.1129842  0.41679509]
 [0.70412737 0.92055366]
 [0.68691437 0.17500279]
 [0.22521482 0.97951553]
 [0.9909052  0.79498918]
 [0.42722143 0.30443742]
 [0.57123171 0.44213036]
 [0.00188238 0.97745225]
 [0.91124527 0.9324974 ]
 [0.75122962 0.56700134]
 [0.55291429 0.96702241]
 [0.62097093 0.89840849]
 [0.05712473 0.09230673]
 [0.08526638 0.76125946]
 [0.70978727 0.60259637]] 
y : [[0.31391532 0.68979386]
 [0.31182739 0.68516393]
 [0.31796444 0.69879962]
 [0.31321362 0.68825141]
 [0.3161566  0.69477167]
 [0.3184772  0.6999459 ]
 [0.31273425 0.68718202]
 [0.31441314 0.69090942]
 [0.31506655 0.69234587]
 [0.31889715 0.70087783]
 [0.31608521 0.69462551]
 [0.3175733  0.69792686]
 [0.31747542 0.69771087]
 [0.30911445 0.67915443]
 [0.31406462 0.69012425]
 [0.31610996 0.6946795 ]]

===batch 33 end===

===batch 34 start===

x : [[0.10861514 0.73521263]
 [0.00912675 0.55408608]
 [0.81853274 0.23187549]
 [0.99614659 0.80015726]
 [0.16191986 0.22953299]
 [0.67883947 0.98882628]
 [0.89410055 0.06997707]
 [0.881892   0.52294286]
 [0.54090662 0.49268591]
 [0.21718041 0.24501541]
 [0.81090836 0.68764741]
 [0.72073455 0.56507044]
 [0.11648282 0.90434942]
 [0.46506652 0.67352915]
 [0.93848922 0.90463655]
 [0.201332   0.19248425]] 
y : [[0.31400987 0.69000335]
 [0.31223721 0.68606966]
 [0.31427316 0.69060486]
 [0.31852738 0.70005758]
 [0.31074248 0.68276152]
 [0.31824052 0.69941276]
 [0.31357769 0.68906395]
 [0.31642455 0.69538223]
 [0.31459283 0.69130744]
 [0.3111655  0.68369999]
 [0.317087   0.69685217]
 [0.31592948 0.69427897]
 [0.31515968 0.69255537]
 [0.3153857  0.69306552]
 [0.31885814 0.70079168]
 [0.31069263 0.68265212]]

===batch 34 end===

===batch 35 start===

x : [[0.376506   0.46826078]
 [0.90078949 0.92887689]
 [0.2914416  0.97037335]
 [0.31677773 0.75402647]
 [0.49805512 0.26583228]
 [0.07299627 0.36817665]
 [0.55480984 0.95741201]
 [0.9393942  0.61477652]
 [0.22708725 0.14642115]
 [0.53128083 0.0188236 ]
 [0.21309643 0.91710133]
 [0.39304999 0.35487795]
 [0.58695036 0.80755225]
 [0.55401543 0.20034568]
 [0.23184326 0.65319402]
 [0.60946811 0.75621399]] 
y : [[0.31359261 0.68908427]
 [0.31883497 0.70073934]
 [0.3164105  0.69533719]
 [0.31517676 0.6925981 ]
 [0.31284302 0.68742494]
 [0.31125619 0.68389723]
 [0.31752602 0.69782182]
 [0.31723269 0.69717883]
 [0.310499   0.68222395]
 [0.31127327 0.68394673]
 [0.31570993 0.69377941]
 [0.31290263 0.6875545 ]
 [0.31678696 0.69618038]
 [0.31268593 0.68707805]
 [0.31409187 0.6901883 ]
 [0.31658115 0.69572371]]

===batch 35 end===

===batch 36 start===

x : [[0.88908574 0.79857042]
 [0.2047919  0.72776399]
 [0.80260625 0.98036917]
 [0.69802364 0.15354485]
 [0.28293791 0.00444147]
 [0.75807245 0.54815436]
 [0.94543558 0.50367952]
 [0.94659586 0.41729479]
 [0.96365142 0.10696359]
 [0.05310597 0.37398255]
 [0.70608483 0.41733959]
 [0.6574598  0.36612253]
 [0.89698494 0.16472598]
 [0.4522974  0.23144345]
 [0.71651901 0.58983347]
 [0.8203102  0.38237276]] 
y : [[0.31806795 0.69903388]
 [0.31444928 0.69098071]
 [0.31871113 0.7004618 ]
 [0.31312484 0.68805482]
 [0.30976167 0.68059282]
 [0.31600101 0.6944387 ]
 [0.3166005  0.69577453]
 [0.31607994 0.69461843]
 [0.31418065 0.69040316]
 [0.31118748 0.68374449]
 [0.31492325 0.69204476]
 [0.31434661 0.6907639 ]
 [0.31422568 0.69050143]
 [0.31235811 0.68634878]
 [0.31606288 0.69457511]
 [0.31525819 0.69279095]]

===batch 36 end===

===batch 37 start===

x : [[0.1846746  0.86884638]
 [0.50228045 0.33513004]
 [0.18723862 0.37244736]
 [0.63390451 0.76896138]
 [0.06085888 0.92669636]
 [0.72217148 0.00740008]
 [0.71997297 0.94340636]
 [0.95409147 0.89976513]
 [0.49477396 0.62190379]
 [0.3612511  0.47457647]
 [0.86712683 0.30458276]
 [0.12375898 0.82604746]
 [0.32513821 0.91604624]
 [0.01131304 0.41412304]
 [0.5670039  0.64315729]
 [0.05003539 0.30172257]] 
y : [[0.31526605 0.69279317]
 [0.31334196 0.68853146]
 [0.31191743 0.68536535]
 [0.31676986 0.69614347]
 [0.31502977 0.69226565]
 [0.31223712 0.68608737]
 [0.31816094 0.69923677]
 [0.31889549 0.70087507]
 [0.31520106 0.69265631]
 [0.31355625 0.68900325]
 [0.314989   0.69219457]
 [0.31468788 0.69150827]
 [0.31623492 0.69494798]
 [0.31124602 0.68387312]
 [0.31568519 0.69373287]
 [0.31064151 0.68253503]]

===batch 37 end===

===batch 38 start===

x : [[0.49393304 0.54818795]
 [0.75066843 0.12312489]
 [0.58025453 0.1467874 ]
 [0.65330808 0.79941294]
 [0.03800172 0.60773471]
 [0.07015081 0.57761232]
 [0.72664703 0.54900521]
 [0.94971328 0.96562571]
 [0.10395699 0.1937678 ]
 [0.44589023 0.26538732]
 [0.43656585 0.97393512]
 [0.12983645 0.89307047]
 [0.92465142 0.44036872]
 [0.79270546 0.41265948]
 [0.98830527 0.84933457]
 [0.37179968 0.24627702]] 
y : [[0.31472085 0.69159042]
 [0.3131926  0.68820638]
 [0.31245228 0.68656073]
 [0.31703921 0.69674233]
 [0.31276926 0.68724993]
 [0.31273106 0.68716602]
 [0.31585763 0.69411958]
 [0.31922889 0.70161637]
 [0.31014885 0.6814454 ]
 [0.31256168 0.68679989]
 [0.31709631 0.6968642 ]
 [0.31515274 0.6925403 ]
 [0.31611905 0.69470475]
 [0.31531687 0.69292054]
 [0.31876304 0.70058134]
 [0.31202683 0.68561246]]

===batch 38 end===

===batch 39 start===

x : [[5.75984309e-01 1.46542643e-01]
 [9.47658899e-01 9.94726082e-01]
 [3.28844899e-01 5.84197013e-01]
 [9.23049317e-01 3.85839427e-01]
 [7.91194009e-01 6.59320078e-01]
 [2.69419698e-01 5.50358771e-01]
 [9.64178776e-01 5.26696039e-01]
 [2.06845742e-01 5.81609366e-01]
 [4.69149525e-01 3.66851295e-01]
 [7.43517081e-01 3.78825121e-01]
 [1.27023262e-01 1.39045011e-02]
 [4.45710184e-01 8.09997981e-01]
 [1.97743675e-01 3.25426934e-02]
 [8.89227970e-01 8.76474386e-05]
 [3.55723770e-01 3.17702110e-01]
 [2.89801761e-01 6.48665091e-01]] 
y : [[0.31242762 0.68650597]
 [0.31937378 0.70193855]
 [0.31412658 0.69026768]
 [0.31577388 0.69393827]
 [0.31682995 0.69628063]
 [0.31359347 0.68908354]
 [0.3168238  0.69627098]
 [0.31348028 0.68883094]
 [0.31338533 0.68862683]
 [0.31485908 0.69190324]
 [0.30892659 0.67874052]
 [0.31614781 0.69475735]
 [0.30948053 0.6799683 ]
 [0.31307631 0.68795195]
 [0.31244406 0.68653688]
 [0.31435623 0.69077629]]

===batch 39 end===

===batch 40 start===

x : [[0.22354918 0.98765878]
 [0.70716623 0.02700684]
 [0.93268489 0.72383229]
 [0.61613338 0.18570453]
 [0.30257471 0.02669532]
 [0.34256389 0.13955277]
 [0.10773097 0.83185389]
 [0.83328073 0.78743157]
 [0.67627248 0.75799132]
 [0.4876092  0.98531   ]
 [0.81772411 0.17250261]
 [0.35979324 0.14448248]
 [0.67732601 0.07352606]
 [0.83002307 0.17910242]
 [0.96761685 0.2497391 ]
 [0.27690428 0.70505539]] 
y : [[0.31619902 0.69486584]
 [0.31229418 0.68621347]
 [0.3178324  0.69851133]
 [0.31291443 0.68758623]
 [0.31004091 0.68121153]
 [0.31109844 0.68355461]
 [0.31464567 0.69141421]
 [0.31776488 0.69835901]
 [0.31689696 0.69642682]
 [0.31739126 0.69752078]
 [0.3138743  0.68971997]
 [0.31123027 0.6838471 ]
 [0.31246016 0.68658065]
 [0.31398124 0.6899575 ]
 [0.31512916 0.69250807]
 [0.31466218 0.69145495]]

===batch 40 end===

===batch 41 start===

x : [[0.23441791 0.83333861]
 [0.29093574 0.14102163]
 [0.38089471 0.9065206 ]
 [0.17417618 0.94211687]
 [0.33083495 0.30715276]
 [0.56806451 0.05390752]
 [0.93497332 0.17982462]
 [0.65554429 0.66313837]
 [0.82593837 0.74812478]
 [0.91504627 0.08235903]
 [0.55556122 0.87803939]
 [0.60624745 0.46291234]
 [0.7485242  0.07665738]
 [0.62633458 0.90215364]
 [0.20717407 0.90120787]
 [0.7334396  0.93932772]] 
y : [[0.31528191 0.69282957]
 [0.31081984 0.68293618]
 [0.31643677 0.69539764]
 [0.31568044 0.69371299]
 [0.31223547 0.68607387]
 [0.31172861 0.68495653]
 [0.31451584 0.69114616]
 [0.31622807 0.69494053]
 [0.31750695 0.69778563]
 [0.31376898 0.68948874]
 [0.31706451 0.6967963 ]
 [0.31472434 0.69160088]
 [0.31286154 0.68747224]
 [0.31752076 0.69781175]
 [0.3155812  0.69349342]
 [0.3181953  0.69931346]]

===batch 41 end===

===batch 42 start===

x : [[0.82774512 0.58401059]
 [0.33181134 0.8625746 ]
 [0.59370845 0.99279855]
 [0.83183736 0.10628088]
 [0.42807186 0.15917984]
 [0.74619173 0.89499566]
 [0.35470072 0.56869559]
 [0.3267817  0.79056082]
 [0.68654897 0.61218079]
 [0.54216177 0.56505235]
 [0.76653353 0.04387515]
 [0.77048669 0.60380401]
 [0.02166961 0.03868898]
 [0.55650042 0.99635982]
 [0.4904888  0.62063361]
 [0.2493932  0.73044531]] 
y : [[0.31654474 0.69564792]
 [0.31593548 0.69428309]
 [0.31789878 0.69865118]
 [0.31350101 0.68889234]
 [0.31171357 0.68491966]
 [0.31800043 0.69888057]
 [0.31415504 0.69033145]
 [0.31545862 0.6932241 ]
 [0.31605984 0.69456765]
 [0.31506846 0.69236312]
 [0.31272995 0.68718096]
 [0.31640044 0.69532608]
 [0.30849586 0.67778477]
 [0.31775782 0.69833704]
 [0.31517197 0.69259164]
 [0.3146907  0.69151757]]

===batch 42 end===

===batch 43 start===

x : [[0.76899091 0.11393512]
 [0.69772801 0.58991369]
 [0.79279712 0.52528309]
 [0.01172478 0.90871637]
 [0.46190444 0.72581506]
 [0.35108568 0.36858095]
 [0.26697404 0.73342748]
 [0.42809477 0.0545078 ]
 [0.76893422 0.44708768]
 [0.42122495 0.52971445]
 [0.14785813 0.73054278]
 [0.34859593 0.82273019]
 [0.89678406 0.0225093 ]
 [0.5948519  0.15728327]
 [0.12615496 0.2883185 ]
 [0.28737734 0.41696843]] 
y : [[0.31322569 0.68828022]
 [0.3159748  0.69437906]
 [0.31602322 0.69448884]
 [0.31466835 0.69146222]
 [0.3157008  0.69376504]
 [0.31277464 0.68726967]
 [0.31479777 0.69175566]
 [0.31095714 0.68324379]
 [0.31542022 0.69314941]
 [0.31423405 0.69050839]
 [0.31417919 0.69037999]
 [0.31576652 0.6939083 ]
 [0.31326934 0.68838018]
 [0.31260387 0.68689716]
 [0.3109719  0.68326878]
 [0.31277166 0.68726147]]

===batch 43 end===

===batch 44 start===

x : [[0.56399628 0.21827927]
 [0.03811114 0.86457923]
 [0.50370873 0.40818595]
 [0.15509022 0.69289113]
 [0.94981317 0.46487716]
 [0.17536446 0.79403855]
 [0.58074239 0.26250409]
 [0.0092844  0.05828466]
 [0.00219084 0.98686175]
 [0.03900957 0.91665554]
 [0.51967723 0.13990751]
 [0.15206318 0.88471511]
 [0.61985944 0.06463895]
 [0.78879698 0.00651401]
 [0.70278595 0.19678603]
 [0.58754101 0.71369129]] 
y : [[0.31286352 0.68747204]
 [0.31451094 0.69111351]
 [0.31384403 0.68964512]
 [0.31396458 0.68990401]
 [0.31638596 0.69529811]
 [0.31473648 0.6916174 ]
 [0.31325616 0.68834312]
 [0.30857327 0.67795571]
 [0.31512877 0.692484  ]
 [0.31485637 0.69188021]
 [0.31207661 0.68572652]
 [0.31520813 0.6926638 ]
 [0.3120875  0.68575319]
 [0.31258868 0.68686833]
 [0.31344502 0.68876499]
 [0.31622032 0.69492173]]

===batch 44 end===

===batch 45 start===

x : [[0.56156075 0.46389425]
 [0.89706914 0.10987337]
 [0.03119326 0.07975687]
 [0.61240835 0.9098663 ]
 [0.62746751 0.26531829]
 [0.72931603 0.64243709]
 [0.10599827 0.47763678]
 [0.92517614 0.86872168]
 [0.5840846  0.21760189]
 [0.09341    0.07081441]
 [0.98068402 0.64520619]
 [0.34676854 0.8203673 ]
 [0.30446032 0.24978048]
 [0.41758457 0.26125065]
 [0.25626602 0.17936881]
 [0.11791517 0.89610359]] 
y : [[0.3145076  0.6911188 ]
 [0.31386125 0.68969297]
 [0.30886682 0.67860579]
 [0.31750413 0.69777449]
 [0.31351894 0.68892707]
 [0.3164447  0.69542342]
 [0.31222193 0.68603822]
 [0.31860847 0.70023628]
 [0.31296521 0.68769801]
 [0.30916311 0.67926305]
 [0.31759115 0.69797627]
 [0.31574296 0.69385593]
 [0.31168333 0.68484952]
 [0.3123806  0.68639777]
 [0.31090569 0.68312544]
 [0.31511365 0.69245323]]

===batch 45 end===

===batch 46 start===

x : [[0.44821076 0.44741726]
 [0.97357057 0.3506745 ]
 [0.54204735 0.330719  ]
 [0.61496441 0.96826423]
 [0.29107458 0.09487707]
 [0.99352294 0.18516297]
 [0.64383229 0.38584721]
 [0.93111369 0.84899704]
 [0.16225711 0.16437865]
 [0.57257876 0.68009309]
 [0.43820463 0.06731898]
 [0.18239619 0.25031058]
 [0.75332845 0.36339522]
 [0.05546584 0.03428334]
 [0.9772964  0.22841668]
 [0.66779598 0.95463581]] 
y : [[0.31382233 0.68959561]
 [0.31579472 0.69398575]
 [0.31351912 0.68892535]
 [0.31785097 0.6985454 ]
 [0.31048126 0.68218629]
 [0.31484123 0.69186966]
 [0.31440793 0.69089963]
 [0.31852507 0.700051  ]
 [0.31026331 0.68170035]
 [0.31594238 0.69430413]
 [0.31110696 0.68357592]
 [0.31100964 0.68335381]
 [0.31480769 0.69178941]
 [0.30866162 0.67815238]
 [0.31503993 0.69231026]
 [0.31800127 0.69888068]]

===batch 46 end===

===batch 47 start===

x : [[0.63702466 0.52853718]
 [0.32410611 0.95506772]
 [0.22824998 0.7922646 ]
 [0.53257139 0.49092145]
 [0.66399141 0.22715157]
 [0.36032727 0.94366463]
 [0.55397832 0.94412681]
 [0.73172868 0.14522451]
 [0.11249831 0.28005794]
 [0.41535868 0.80085377]
 [0.9003661  0.3018301 ]
 [0.93713497 0.10839042]
 [0.15576496 0.40724276]
 [0.98715852 0.10617398]
 [0.53130559 0.30652362]
 [0.78921925 0.34796995]] 
y : [[0.31529824 0.69287546]
 [0.31646895 0.69546778]
 [0.31498751 0.69217588]
 [0.31453955 0.69118901]
 [0.31344961 0.68877419]
 [0.31656733 0.69568717]
 [0.31744523 0.69764226]
 [0.3132446  0.68832122]
 [0.31083474 0.68296461]
 [0.31594788 0.6943126 ]
 [0.31513407 0.69251735]
 [0.31405569 0.69012529]
 [0.31199331 0.68553273]
 [0.31429407 0.69065537]
 [0.31329836 0.68843547]
 [0.31488524 0.69196239]]

===batch 47 end===

===batch 48 start===

x : [[0.23817758 0.43448521]
 [0.79583958 0.36571345]
 [0.55256135 0.18045232]
 [0.33189474 0.25913278]
 [0.34078339 0.26009981]
 [0.59261739 0.73080513]
 [0.82202681 0.40938935]
 [0.27306877 0.48460517]
 [0.61565916 0.51086658]
 [0.66076644 0.80570341]
 [0.53423512 0.3243992 ]
 [0.60269245 0.50013543]
 [0.77804045 0.19841949]
 [0.27829697 0.52026878]
 [0.36256493 0.68253972]
 [0.75399792 0.33264822]] 
y : [[0.31263094 0.68694824]
 [0.31503213 0.69228858]
 [0.31253937 0.68675311]
 [0.31190058 0.68533167]
 [0.31195601 0.68545474]
 [0.3163488  0.69520721]
 [0.31543798 0.6931901 ]
 [0.31316356 0.68813013]
 [0.31508089 0.69239248]
 [0.31710992 0.69689962]
 [0.31343554 0.68873979]
 [0.31494803 0.69209726]
 [0.3138446  0.68965312]
 [0.31343509 0.68873247]
 [0.31494151 0.69207699]
 [0.31461101 0.69135296]]

===batch 48 end===

===batch 49 start===

x : [[0.22948292 0.17219805]
 [0.12291017 0.05843478]
 [0.39679952 0.36325862]
 [0.49529314 0.49236287]
 [0.53052656 0.97581624]
 [0.63688116 0.02199349]
 [0.16335367 0.82591084]
 [0.21148337 0.51123022]
 [0.23637271 0.77197118]
 [0.27646465 0.8709377 ]
 [0.74221369 0.24387441]
 [0.57386774 0.89773281]
 [0.58580732 0.83214906]
 [0.88744746 0.27455026]
 [0.65639118 0.33495278]
 [0.16080059 0.89266299]] 
y : [[0.3107024  0.68267449]
 [0.30924127 0.6794368 ]
 [0.31298045 0.68772714]
 [0.31436161 0.69079323]
 [0.31752574 0.69782063]
 [0.31187742 0.68528804]
 [0.31488423 0.69194504]
 [0.31302196 0.68781459]
 [0.31489628 0.69197356]
 [0.3157237  0.69381148]
 [0.31396539 0.68992018]
 [0.31726258 0.69723683]
 [0.31692868 0.69649521]
 [0.31489546 0.69198746]
 [0.3141349  0.69029414]
 [0.31530178 0.69287191]]

===batch 49 end===

===batch 50 start===

x : [[0.45887293 0.74210754]
 [0.12404073 0.83081837]
 [0.64911115 0.52310586]
 [0.94795962 0.27022004]
 [0.83900797 0.95678277]
 [0.71456642 0.94329308]
 [0.55666428 0.12402241]
 [0.15476735 0.34925079]
 [0.53156695 0.82759228]
 [0.12152077 0.87430755]
 [0.85459547 0.94125218]
 [0.31841048 0.52560666]
 [0.05961729 0.32049137]
 [0.5447186  0.94781039]
 [0.64394763 0.29688254]
 [0.26898335 0.92860091]] 
y : [[0.31578843 0.69395955]
 [0.31472048 0.69158063]
 [0.31532239 0.69292935]
 [0.31516417 0.69258532]
 [0.31873277 0.70051072]
 [0.31813729 0.69918409]
 [0.31216485 0.68592303]
 [0.31157288 0.68460099]
 [0.316654   0.6958837 ]
 [0.31499073 0.69218044]
 [0.3187125  0.70046601]
 [0.31367979 0.68927623]
 [0.31083348 0.68296048]
 [0.31742572 0.69759867]
 [0.31381705 0.68958872]
 [0.31604804 0.69453158]]

===batch 50 end===

===batch 51 start===

x : [[0.71545528 0.30842811]
 [0.65398114 0.03430934]
 [0.29849965 0.8770027 ]
 [0.55506177 0.60035904]
 [0.13705365 0.18216931]
 [0.96313834 0.9490026 ]
 [0.6193844  0.54944639]
 [0.89266184 0.28653253]
 [0.92929134 0.0716821 ]
 [0.24337772 0.50733508]
 [0.3413635  0.21895733]
 [0.03677486 0.69665074]
 [0.4793594  0.06882311]
 [0.01525946 0.52008866]
 [0.130715   0.15449483]
 [0.48156268 0.85736824]] 
y : [[0.31425837 0.69056954]
 [0.31205797 0.6856886 ]
 [0.315867   0.69413023]
 [0.31535721 0.69300441]
 [0.31025165 0.68167389]
 [0.31919467 0.70154056]
 [0.31534563 0.69298023]
 [0.31499828 0.69221578]
 [0.31377044 0.68949233]
 [0.31316348 0.68812922]
 [0.31166531 0.68481053]
 [0.31337658 0.68859671]
 [0.31134673 0.68410815]
 [0.31202941 0.6856092 ]
 [0.31000932 0.68113716]
 [0.31660388 0.69577121]]

===batch 51 end===

===batch 52 start===

x : [[0.17794938 0.58508749]
 [0.87304019 0.35274177]
 [0.92630247 0.75011603]
 [0.95119058 0.54805989]
 [0.01022351 0.0069766 ]
 [0.2298058  0.96739278]
 [0.09323989 0.60773872]
 [0.21603168 0.16617761]
 [0.91057782 0.96360263]
 [0.93349631 0.09969853]
 [0.09332383 0.24140593]
 [0.40619716 0.80166238]
 [0.52586932 0.62523368]
 [0.07047873 0.15726628]
 [0.55496263 0.99139322]
 [0.07760042 0.85799875]] 
y : [[0.31335302 0.68854796]
 [0.31532562 0.6929419 ]
 [0.31795395 0.69878133]
 [0.31689215 0.69642253]
 [0.3081834  0.67709327]
 [0.31610329 0.69465337]
 [0.31306284 0.68790229]
 [0.3105821  0.68240769]
 [0.31906109 0.70124236]
 [0.31397932 0.68995579]
 [0.31044173 0.68209369]
 [0.31590942 0.69422699]
 [0.3153737  0.69304033]
 [0.30968329 0.68041381]
 [0.31772264 0.69825881]
 [0.31466604 0.69145869]]

===batch 52 end===

===batch 53 start===

x : [[0.52304385 0.24314764]
 [0.05867725 0.85276644]
 [0.32531287 0.42070673]
 [0.14667837 0.055886  ]
 [0.21431462 0.61573614]
 [0.27806658 0.95146032]
 [0.21713191 0.49806386]
 [0.32155222 0.58439107]
 [0.22950407 0.13337859]
 [0.09423607 0.48301588]
 [0.71577571 0.42115003]
 [0.01046653 0.21851858]
 [0.95277934 0.0898293 ]
 [0.4773053  0.61169101]
 [0.49820686 0.95306559]
 [0.84765667 0.00404067]] 
y : [[0.31281846 0.68737112]
 [0.31453671 0.6911712 ]
 [0.31299901 0.68776653]
 [0.30936035 0.67970098]
 [0.31375043 0.68943036]
 [0.31623205 0.69494049]
 [0.31296086 0.68767923]
 [0.31409069 0.69018787]
 [0.31041634 0.68204096]
 [0.31219617 0.68598082]
 [0.31499553 0.69220541]
 [0.30979696 0.68066389]
 [0.31401178 0.69002826]
 [0.31504988 0.6923203 ]
 [0.31724967 0.69720641]
 [0.31288435 0.68752529]]

===batch 53 end===

===batch 54 start===

x : [[0.16516715 0.00466667]
 [0.94285712 0.738314  ]
 [0.31163621 0.49099921]
 [0.29954454 0.48248161]
 [0.01100501 0.02230087]
 [0.03954001 0.82697153]
 [0.37342554 0.34355126]
 [0.75900134 0.0388007 ]
 [0.76817619 0.94414163]
 [0.26106411 0.94761089]
 [0.85231202 0.97019994]
 [0.37278774 0.39756733]
 [0.39383789 0.61397378]
 [0.27495262 0.70525517]
 [0.82781709 0.22768955]
 [0.19428301 0.59277939]] 
y : [[0.30907961 0.67908013]
 [0.31795823 0.69879122]
 [0.31340957 0.68867669]
 [0.3132881  0.68840698]
 [0.30830642 0.67736541]
 [0.3142694  0.69057753]
 [0.3127196  0.68714818]
 [0.31265458 0.68701367]
 [0.31836881 0.69969997]
 [0.31612835 0.69470978]
 [0.31885997 0.70079384]
 [0.31309021 0.68796995]
 [0.314651   0.69143297]
 [0.31465373 0.69143614]
 [0.31429237 0.69064771]
 [0.31349084 0.68885405]]

===batch 54 end===

===batch 55 start===

x : [[0.90323684 0.34916179]
 [0.75256362 0.30723921]
 [0.71042811 0.0727216 ]
 [0.47692439 0.4414828 ]
 [0.4580116  0.66028251]
 [0.08748478 0.23334176]
 [0.04186677 0.49532553]
 [0.21539687 0.92856244]
 [0.71978886 0.92887411]
 [0.87554569 0.35248575]
 [0.99662652 0.37447171]
 [0.3208889  0.96882298]
 [0.41782779 0.68775229]
 [0.33890891 0.25137024]
 [0.33943624 0.82777935]
 [0.18593604 0.88177945]] 
y : [[0.31544885 0.69321618]
 [0.31443745 0.69096779]
 [0.31263167 0.68696168]
 [0.31392992 0.68983501]
 [0.31526699 0.69280179]
 [0.31034882 0.68188777]
 [0.31199842 0.6855412 ]
 [0.31579293 0.69396376]
 [0.31807851 0.69905354]
 [0.31533613 0.69296529]
 [0.31605094 0.69455521]
 [0.31653769 0.69562042]
 [0.31524648 0.69275531]
 [0.3118836  0.68529421]
 [0.31575437 0.69388109]
 [0.31535485 0.69299034]]

===batch 55 end===

===batch 56 start===

x : [[0.71840294 0.5039638 ]
 [0.70628543 0.07797026]
 [0.18627613 0.08618353]
 [0.78358663 0.57231066]
 [0.04303111 0.69641273]
 [0.10974609 0.70323896]
 [0.89042795 0.70228715]
 [0.12370318 0.2305867 ]
 [0.54673796 0.40551482]
 [0.95445163 0.6934919 ]
 [0.70112788 0.593681  ]
 [0.37718283 0.64677009]
 [0.44990108 0.29941299]
 [0.8812823  0.96200499]
 [0.36088251 0.85618993]
 [0.58975366 0.82442432]] 
y : [[0.31553603 0.69340531]
 [0.31264612 0.68699361]
 [0.30981767 0.68071429]
 [0.3162692  0.69503489]
 [0.31340771 0.68866591]
 [0.3138008  0.68953953]
 [0.31752512 0.69782749]
 [0.31053419 0.68229922]
 [0.31404643 0.69009519]
 [0.31775367 0.69833686]
 [0.31601417 0.69446657]
 [0.31478189 0.69172306]
 [0.31282007 0.68737286]
 [0.3189339  0.70095887]
 [0.31603356 0.69450159]
 [0.31690055 0.6964328 ]]

===batch 56 end===

===batch 57 start===

x : [[0.82452901 0.53522018]
 [0.8784012  0.82359095]
 [0.08703145 0.70550889]
 [0.73394735 0.40197111]
 [0.98304107 0.28442543]
 [0.50523979 0.73034104]
 [0.37542954 0.1829703 ]
 [0.0373218  0.826195  ]
 [0.7534718  0.47573763]
 [0.11840307 0.26635403]
 [0.56367035 0.99819308]
 [0.58353944 0.26349637]
 [0.3832778  0.99642867]
 [0.86461579 0.09666031]
 [0.58750439 0.19857867]
 [0.63261027 0.47961437]] 
y : [[0.31623306 0.6949556 ]
 [0.31816284 0.69924456]
 [0.31369867 0.6893124 ]
 [0.31496136 0.69213001]
 [0.31542442 0.69316386]
 [0.31593559 0.69428743]
 [0.3115946  0.6846547 ]
 [0.31425297 0.69054101]
 [0.31552673 0.6933855 ]
 [0.31076748 0.68281579]
 [0.31779948 0.69842979]
 [0.31327759 0.68839072]
 [0.31698919 0.69662495]
 [0.31360556 0.68912504]
 [0.31285179 0.68744663]
 [0.31496304 0.69213131]]

===batch 57 end===

===batch 58 start===

x : [[0.02455563 0.17960351]
 [0.0811193  0.34066881]
 [0.70162188 0.89919993]
 [0.58116563 0.67652771]
 [0.77230444 0.93748344]
 [0.64880286 0.32250649]
 [0.36237826 0.35505363]
 [0.67954027 0.60954459]
 [0.59140595 0.83867016]
 [0.52272886 0.6797334 ]
 [0.82058351 0.44435703]
 [0.47316515 0.00707566]
 [0.35490896 0.97616295]
 [0.5007535  0.38455679]
 [0.33780712 0.71677445]
 [0.95671249 0.68906998]] 
y : [[0.30958577 0.68019674]
 [0.31110155 0.68355485]
 [0.31783231 0.6985059 ]
 [0.3159609  0.69434544]
 [0.31834924 0.69965655]
 [0.31401341 0.69002444]
 [0.31274074 0.68719478]
 [0.31601052 0.69445795]
 [0.31699278 0.69663774]
 [0.31570278 0.6937709 ]
 [0.31565128 0.69366363]
 [0.31086339 0.68303728]
 [0.3167387  0.69606776]
 [0.31366965 0.68925823]
 [0.31504047 0.69229607]
 [0.31773823 0.69830258]]

===batch 58 end===

===batch 59 start===

x : [[0.48666906 0.67187294]
 [0.12370563 0.32684284]
 [0.62912045 0.78683141]
 [0.79452475 0.60526857]
 [0.50461803 0.54124397]
 [0.09542355 0.26258292]
 [0.63549011 0.3301637 ]
 [0.08765584 0.02893352]
 [0.99189083 0.17386515]
 [0.28061661 0.5657486 ]
 [0.77664555 0.67268621]
 [0.54278408 0.87494834]
 [0.74524728 0.90025193]
 [0.21937134 0.15308746]
 [0.60297451 0.72751931]
 [0.22621672 0.37624316]] 
y : [[0.3154798  0.69327494]
 [0.3112387  0.68385977]
 [0.31685498 0.69633248]
 [0.31652037 0.695593  ]
 [0.3147288  0.69160832]
 [0.31060997 0.68246633]
 [0.31399657 0.68998674]
 [0.30881019 0.67848194]
 [0.31476006 0.69168949]
 [0.31375554 0.68944333]
 [0.31684366 0.69631075]
 [0.31698854 0.69662721]
 [0.31802606 0.69893752]
 [0.31050447 0.68223586]
 [0.3163769  0.69526985]
 [0.31215679 0.68589684]]

===batch 59 end===

===batch 60 start===

x : [[4.35091076e-01 3.68926425e-01]
 [1.07336236e-01 4.99860268e-01]
 [2.63667399e-01 7.60239922e-01]
 [6.45217878e-02 8.26466015e-01]
 [5.06034126e-01 6.94020372e-01]
 [8.76503843e-01 1.32945556e-01]
 [3.30623572e-01 2.46460613e-01]
 [7.38579153e-01 2.65817223e-01]
 [4.00683472e-01 9.17654351e-01]
 [5.98135787e-04 5.02093700e-01]
 [1.62276594e-01 9.20926780e-01]
 [1.60915848e-01 5.00770412e-01]
 [6.22511780e-01 3.34225571e-01]
 [8.36217512e-01 4.55009091e-01]
 [6.90587687e-01 7.69403459e-01]
 [2.86655158e-01 2.41348993e-01]] 
y : [[0.31322125 0.68826208]
 [0.312386   0.68640195]
 [0.31495539 0.69210543]
 [0.3143927  0.69085175]
 [0.31571253 0.69379213]
 [0.31391037 0.68980144]
 [0.3118032  0.68511583]
 [0.31409307 0.69020335]
 [0.31659596 0.69575173]
 [0.31182079 0.68514646]
 [0.31548901 0.69328764]
 [0.3126803  0.68705576]
 [0.31395739 0.68989952]
 [0.31579244 0.69397741]
 [0.31702941 0.69672143]
 [0.31152462 0.68449741]]

===batch 60 end===

===batch 61 start===

x : [[0.7642644  0.81655126]
 [0.09500667 0.85317006]
 [0.7884291  0.63613923]
 [0.54722865 0.81787182]
 [0.8843588  0.9359216 ]
 [0.68678268 0.9954157 ]
 [0.67571354 0.19763849]
 [0.79186744 0.03838132]
 [0.62373239 0.66013814]
 [0.24711875 0.58409357]
 [0.44343422 0.79936212]
 [0.82011659 0.38852607]
 [0.19026378 0.18207959]
 [0.46713137 0.75667618]
 [0.52879614 0.94258172]
 [0.49397898 0.05129431]] 
y : [[0.31763143 0.69806085]
 [0.3147215  0.69158221]
 [0.31667853 0.69594419]
 [0.31666728 0.69591358]
 [0.31880582 0.70067416]
 [0.31831085 0.69956928]
 [0.31330973 0.68846426]
 [0.31282638 0.68739538]
 [0.31606034 0.69456729]
 [0.31370629 0.68933326]
 [0.3160714  0.6945876 ]
 [0.31529641 0.69287579]
 [0.31055345 0.68234358]
 [0.31591865 0.69424892]
 [0.31732456 0.69737351]
 [0.31130111 0.68400746]]

===batch 61 end===

===batch 62 start===

x : [[0.99425313 0.33923513]
 [0.53168028 0.50921236]
 [0.90309244 0.18392625]
 [0.22619783 0.21671883]
 [0.65783193 0.01227629]
 [0.71773479 0.51446346]
 [0.24769017 0.35018852]
 [0.44414527 0.30060563]
 [0.49136788 0.27878138]
 [0.05749923 0.59362341]
 [0.96616754 0.86109243]
 [0.08629568 0.19450491]
 [0.53325069 0.41242207]
 [0.52880595 0.81459667]
 [0.93584387 0.76996166]
 [0.97429538 0.00448213]] 
y : [[0.31582164 0.69404599]
 [0.31465476 0.69144466]
 [0.31438301 0.69085066]
 [0.31100988 0.68335547]
 [0.31192257 0.68538864]
 [0.31559895 0.69354499]
 [0.31208884 0.68574678]
 [0.31279774 0.68732321]
 [0.31289722 0.68754496]
 [0.31277506 0.68726327]
 [0.31873594 0.70052059]
 [0.31005322 0.68123322]
 [0.31402369 0.69004441]
 [0.31656277 0.69568099]
 [0.31810643 0.69912047]
 [0.31354969 0.68900383]]

===batch 62 end===

===batch 63 start===

x : [[0.8708019  0.8816638 ]
 [0.08687869 0.20115932]
 [0.81023662 0.24979131]
 [0.27978195 0.27591911]
 [0.83336935 0.56201112]
 [0.54008194 0.67623307]
 [0.10536852 0.45530251]
 [0.37177809 0.01751207]
 [0.05376416 0.86290509]
 [0.27127284 0.4193418 ]
 [0.52043994 0.8868991 ]
 [0.81275099 0.51776013]
 [0.58606251 0.09580549]
 [0.6763762  0.43746954]
 [0.04365339 0.11831305]
 [0.50607861 0.73830112]] 
y : [[0.31845341 0.69989033]
 [0.31010618 0.68135048]
 [0.31434949 0.69077403]
 [0.31173496 0.68496332]
 [0.31643744 0.69540973]
 [0.3157638  0.69390679]
 [0.31206019 0.68567969]
 [0.31036753 0.68193651]
 [0.31457867 0.69126421]
 [0.31270226 0.68710719]
 [0.31695852 0.69655998]
 [0.31607064 0.69459461]
 [0.3121247  0.68583477]
 [0.31490673 0.69200738]
 [0.30923332 0.67941716]
 [0.315989   0.69440606]]

===batch 63 end===

===batch 64 start===

x : [[0.72362376 0.39972865]
 [0.00964634 0.38906191]
 [0.05989393 0.31359793]
 [0.18303031 0.62948677]
 [0.59726927 0.95501727]
 [0.30991202 0.30555869]
 [0.95202661 0.93285599]
 [0.18832902 0.62266612]
 [0.36291272 0.02847516]
 [0.87908745 0.48771601]
 [0.54313273 0.18125966]
 [0.51458386 0.73016427]
 [0.54298713 0.46427055]
 [0.98817702 0.35462288]
 [0.5668478  0.53971001]
 [0.74743878 0.89184332]] 
y : [[0.31489601 0.69198472]
 [0.31105434 0.68344843]
 [0.31078448 0.68285193]
 [0.31368152 0.68927673]
 [0.31769829 0.69820565]
 [0.3121107  0.68579681]
 [0.31906431 0.70125043]
 [0.31366281 0.68923535]
 [0.31039826 0.68200434]
 [0.31619663 0.69487598]
 [0.31249447 0.68665334]
 [0.31597874 0.69438349]
 [0.31441676 0.69091678]
 [0.31588845 0.69419419]
 [0.31502669 0.692271  ]
 [0.31798796 0.69885288]]

===batch 64 end===

